function_1: 0.703237-0.943635
function_2: 0.642872-0.036917
function_3: 0.945262-0.910815-0.402281
function_4: 0.370921-0.387088-0.378369-0.425395
function_5: 0.978540-0.977812-0.979000-0.979404
function_6: 0.499860-0.302567-0.526474-0.951831-0.033665
function_7: 0.029747-0.306322-0.257998-0.079994-0.312747-0.755726
function_8: 0.100894-0.051417-0.109188-0.058883-0.948183-0.583779-0.236027-0.358484
