function_1: 0.806450-0.756325
function_2: 0.701073-0.065274
function_3: 0.050543-0.037158-0.093648
function_4: 0.377194-0.383384-0.370038-0.469160
function_5: 0.979270-0.978906-0.979500-0.979702
function_6: 0.489991-0.315136-0.565761-0.941643-0.031525
function_7: 0.031678-0.407209-0.398641-0.042540-0.255976-0.730075
function_8: 0.161552-0.031331-0.174070-0.047935-0.820760-0.579446-0.128132-0.589476
