function_1: 0.038800-0.689887
function_2: 0.677496-0.474733
function_3: 0.944654-0.423830-0.603601
function_4: 0.485936-0.240452-0.037372-0.040856
function_5: 0.592532-0.914214-0.884356-0.945220
function_6: 0.827078-0.045831-0.944861-0.132362-0.917946
function_7: 0.207515-0.096458-0.400414-0.129468-0.117823-0.914403
function_8: 0.825829-0.174258-0.074230-0.051112-0.152122-0.898703-0.070768-0.058783
