function_1: 0.082537-0.403077
function_2: 0.684153-0.928636
function_3: 0.371493-0.055539-0.554166
function_4: 0.360873-0.418709-0.401072-0.443657
function_5: 0.973381-0.951652-0.977831-0.659398
function_6: 0.383536-0.371789-0.511424-0.904090-0.051000
function_7: 0.064784-0.453676-0.244494-0.149923-0.342665-0.708281
function_8: 0.122449-0.358034-0.107950-0.477987-0.874061-0.820614-0.154373-0.913123
