function_1: 0.002035-0.996379
function_2: 0.002449-0.995361
function_3: 0.452298-0.967927-0.984189
function_4: 0.058781-0.370898-0.962611-0.984460
function_5: 0.954513-0.907896-0.952655-0.919980
function_6: 0.002757-0.445602-0.093508-0.042327-0.035623
function_7: 0.041129-0.962005-0.901261-0.000244-0.932250-0.152636
function_8: 0.952575-0.174267-0.816686-0.700747-0.946591-0.989895-0.027648-0.033931