function_1: 0.944613-0.791862
function_2: 0.695161-0.896365
function_3: 0.671332-0.942951-0.050580
function_4: 0.422239-0.357431-0.465260-0.430476
function_5: 0.980000-0.980000-0.980000-0.980000
function_6: 0.244306-0.236834-0.907955-0.942766-0.041013
function_7: 0.068002-0.394924-0.281174-0.125062-0.300620-0.707610
function_8: 0.214123-0.179436-0.036257-0.159980-0.552780-0.739544-0.089287-0.273649
