function_1: 0.940497-0.035466
function_2: 0.943199-0.361781
function_3: 0.937642-0.945531-0.045005
function_4: 0.050747-0.334864-0.705454-0.507004
function_5: 0.942745-0.498680-0.943096-0.895238
function_6: 0.122455-0.861277-0.072306-0.899635-0.035296
function_7: 0.093978-0.807689-0.076030-0.035905-0.063327-0.905769
function_8: 0.068040-0.751590-0.037700-0.760163-0.113308-0.905472-0.130826-0.072029
