function_1: 0.772209-0.918743
function_2: 0.803618-0.929426
function_3: 0.929255-0.057442-0.855200
function_4: 0.460343-0.419212-0.365008-0.428026
function_5: 0.930000-0.930000-0.930000-0.930000
function_6: 0.281950-0.119154-0.518889-0.852283-0.051391
function_7: 0.076647-0.456599-0.316378-0.170448-0.446856-0.738895
function_8: 0.190640-0.365150-0.063569-0.065144-0.783808-0.133877-0.150353-0.495945
