function_1: 0.001314-0.003666
function_2: 0.999999-0.999999
function_3: 0.993078-0.963056-0.003518
function_4: 0.025893-0.102687-0.027203-0.047620
function_5: 0.092833-0.995264-0.999999-0.991549
function_6: 0.098951-0.198115-0.872380-0.933380-0.020422
function_7: 0.075995-0.942776-0.988586-0.041370-0.078593-0.947618
function_8: 0.100790-0.882377-0.312170-0.952353-0.036368-0.902946-0.159270-0.966150